t1m <- 106.7
t2m <- 140.7
t3m <- 154.0
t4m <- 160.5
t5m <- 168.9
ta1m <- 5.00
ta2m <- 10.70
ta3m <- 13.16
ta4m <- 14.51
ta5m <- 17.33
tb1m <- 6.701
tb2m <- 16.438
tb3m <- 46.80
tb4m <- 84.46
tb5m <- 203.608