t1m <- 107.8
t2m <- 140.0
t3m <- 154.5
t4m <- 166.4
t5m <- 179.1
ta1m <- 5.06
ta2m <- 10.79
ta3m <- 13.22
ta4m <- 14.51
ta5m <- 17.30
tb1m <- -15
tb2m <- 8.9
tb3m <- 50.375
tb4m <- 112.684
tb5m <- 250.04